3202
20141221
20151124
5400
254564
860
03
205214
0530586113
20151216
0320617316
20160905
3980
0756134138
00004704
6480
0899164229
20150319
267305
20190125
187
0807731207
131
224253
00018801
0257703260
20150809
238182
01463719
981
00067830
76
0503
9694
0817024323
230539
208399
0944786334
301552
20180909
0322026303
0545389328
1
00035806
205937
20190324
920
20151031
20180715
1957
20190409
0671663209
20160117
00052726
20180503
20190905
00094807
20160331
976
20180330
41508
13213
0636568113
00011702
56
333680
128532
280464
20171117
２
252
305189
15000
63615
313318
5０
00215817
20151025
20151223
1623
00185801
0919032337
0762492135
224576
95
0435340327
04
524
270903
0337860324
20150723
00354710
031039184
0688352208
20160829
0372693375
0266245111
20190607
0768664336
000
590
287054
197357
8018
00031806
278256
0667362124
2138
32
315
0999818336
256849
4926
306273
2
273830
0649006112
0122382603
055456318
0218813383
9787
0360843333
37
2605
301542201505080505629305
235590
20150711
20150611
295323
20170105
3176
83
00035818
0432402555
0945126221
00183805
00258807
20150822
237715
311453
278381
260505
50100
14668
20160114
685
305313
03797532
279887
20151107
284232
0702854133
0948334329
266802
287608
20160720
0253851264
785
0494279405
20161226
20161002
52
213955
20190328
365
20151128
00187739
2080
238056
395
035650401
20160201
1974
20180725
301416
1978
20131216
0178780339
182
00032814
0296895131
3033832019100801605728
0609719122
20150607
194
050
60198
20151101
603
0933830313
234032
290685
227449
5350
0933072113
207985
341714
9105
074955632
375596
12316
265481
205461
0756557234
0745541110
212408
2600
341187
20190625
033761239
20181203
20180906
0833042108
0103963101
4200
20190424
00064710
730
0948792117
20151102
550
0552591201
204586
20160501
1050
0454353236
○
241023
20160214
20190309
0298017381
170
69
20150712
11
0338156203
0469296234
02366707
00364715
20190921
46
0336720127
86
1139
0700357101
0452467337
236478
148
040467354
331661
0900629281
260069
20150304
41500
7668
702
20150616
0746746324
0412570238
350
0916438241
230425
20235
4298
20160507
888426454
0700634119
6723
01696701
0385172306
2980
00069812
00022723
20170628
0375506303
20171126
556
864
0233163362
0288887303
892
20191002
0223212234
５
20180310
0876735137
33
0907679217
177
217721
230939
7497
301117
261122
4967576147460
220821
08742111
20151013
1011
192858
0558406353
0808107210
0725450223
303894
260457
234015
285567
127445121
0249801301
20190502
0329613303
四
303324
0660563224
194822
237931
22000
0331662318
41460
0377978336
271543
0945620131
20161016
273599
20171019
0482189110
128149
64
230589
073394331
0699956341
153
096521
303253
20151002
20170905
313581
41483
20150214
0125413103
20160606
20150903
0280635115
0988343336
20170411
0658977201
0961
710
0414948113
2010
0286019235
277032
275086
282686
18000
725
・
255469
294833
0419342122
230529708
192015
02
249912
3400
085247242
20150201
1019
20191123
1208
225639
205021
0438894203
208941
317804
401
00190812
339164
0631256105
0596405337
400
0125805252
0118845226
1890
2650
92
0884004341
10800
240591
20150709
0775002220
00019812
025
01
01304704
41538
195
267129
00273726
20190925
240112
155
248288
20150227
20170501
20150423
209540
8361
0384941301
20150925
310778
0823037207
285958
9695
7063
0854709214
2242
303914
20190707
20151105
128133
00328723
7
0361777123
0103974165
0849176222
20160412
20190304
20190225
20160315
0270837381
231612
0537440332
20150622
0111637236
0532856316
228129
161
0343840127
307402
311709
229500
640
三
151
1224
17801
0822171318
128517
54
20171018
223385
00121824
00282711
5
303926
0172607163
244756
367
20150216
0937327110
236623
541
0725311152
222
0667714351
261246
348298
296865
610
255016
0724668306
9000
156
127926
20170107
322843
0645027335
0931775226
20170805
20170928
084811120
20160124
064254388
110149
20161202
821
01494712
3900
00586139
20000
20181211
191513
129303
308823
20150602
20181219
7500
0160264208
68
7210
355
00706703
20151118
1780
275212
425
0379343104
242288
017652383
0905128229
0771690327
20160529
358
20160821
0326534108
20150706
0424270273
0721368328
15302
00207802
20150405
0413702406
0748958124
34
0849583277
20171017
207203
00122832
244706
244408
0288691304
04287809
20150827
2007
20171216
190919
20150102
333308
206548
0932757209
074539339
00007820
20170419
20150508
222704
0401439272
725698
20171108
0658940205
20170317
277095
20180508
10049
20160328
41566
65038
00207702
811
368
1437
4002
157
19675
00181731
226617
0704092117
0146483317
247953
20150503
0214480316
0489878162
9281
01424712
20171125
2880
027469106
530
815
248962
1800
7789
35000
237183
0723020338
0115910124
41565
252883
178
0763428312
61
950
276535
4927
20170604
1282
00172823
20150617
0433578123
0149443120
298500
20171119
814
310
230148
024360329
0924495224
0843687165
9800
555
12336
2322
0723601131
303805
20151205
20180514
20160505
20170205
0020
049198123
9593
01440706
2020
0257127223
20151005
五
20160130
088365106
0059821
00923823
3178
2024
500
0857514321
00012710
一
0101
257812
20150927
20150103
20151008
00195825
20180113
00043832
307018
20171218
285091
295855
198667
204436
0345855390
20150119
261065
00170825
0207974316
48
20160828
309760
0268941110
00334728
84220
280083
1６５７
900
205855
099104214
128561
498
20160321
169
0125187
309584
227527
303688
538
275447
0679808323
208290
0755027356
00930808
9315
286316
0809095119
276416
1007
20150226
0535443331
282767
0733586365
0545805602
20150705
20190314
760
42163
2016
0873337209
0127469203
9332
222208
00087732
274608
215556
20150905
20151015
262863
3000
0250082242
0812822215
713
193677
005
283198
132
0161818335
312321
01550713
302791
0654180236
212232
20171009
9583
20181126
57
20160128
20180805
288
9829
0686682304
38
0664113307
20190205
202747
12609
20160220
00530820
282868
0572734104
299988
298945
8265
0152747279
5104
276581
22
11088
234915
01486713
057
20181217
277295
980
1239
202132
2870
0940703203
312704
89
20180704
00867803
306730
7600
128565
45
345
0937852277
00186820
310790
211966
10067
248697
20150523
296265
00286816
1320
277135
20160223
百
0641674121
0952035282
78
00431708
0140648229
58
261078
276609
1339
221994
220909538
20150424
160
226290
07599177
0116908137
245077
0796228334
035833334
0929763226
127383
296074
00444807
4061
00656827
20170207
20160203
0670638318
175
190
0260659308
1966
20170204
80
0890179217
0118178127
20150725
43
20180609
1990
5650
68238
296605
00192702
20151004
20150128
0797144137
0488909231
1080
2233
20180515
2005
666
20160618
10134
078132138
20190223
0493291661
0661010375
0864594377
128155
248394
0746006326
20150724
20190601
1439
20191221
1706
237330
779
20151115
0242627332
94
20191005
222477
20161220
7130
203041
13090
216238138
0280079210
230061
128524
00127916
231313
275946
0925121334
0696630327
128521
299205
313093
143
062
265898
20190823
18
0378008235
3９
20180408
2310
0679042239
340
0316508333
20160219
197493
020770128
，
20161120
276650
335897
20150821
307275
302369
186
0760634105
0174894503
770
20181201
0941550106
20170906
308696
127808
91
3956
0330138236
220975
0187041319
00053806
599
0615406341
00010722
20160527
4
0718379337
223369
065
20180306
341
0926033302
2012
128515
20191009
198164
0972557361
32363
0109046315
20150610
528
20161021
1350
304291
00014787
2160
20191207
233087
20190213
00115701
271997
512
0791984121
2100
42258
128147
107
00113724
193172
765
0802108102
0101124355
1380
0502686205
0272291161
308027
357426
8226
110152
3417
1480
20160323
297189
14500
5690
27
0925110332
20151208
10082
00201829
36228
0803130119
00801716
202623
220165
0374502121
0465364326
0552178138
243098
36300
255142
029108388
00502712
0806526130
0948051310
20150630
030447127
20150223
140
042014388
20180123
324
297574
282537
089251315
2477
20161102
00035822
20190423
3490
0708713107
502
999
00008811
74
20181128
304
24
0465618403
0501174129
20150325
20150904
20151011
00264822
8402
0339484252
00004813
267575
281861
20150603
14000
323
20180524
213310
10025
0334881107
3665
億
299660
20190319
128174
321114
306195201612130611183277
0211544557
213
227318
944475
00117702
20160127
333428
242243
0341165234
0000078976
269065
20190123
0306799217
0365592107
060059306
20160531
2200
05
259395
840
9996
306996
224541
219972
20160411
229451
264497
238689
0167891101
00177705
128167
00850801
226936
0722878305
193811
501
020017603
0416195364
00062814
5949
10034
90
20150701
20150218
十
1370
199397
13000
0408837104
197807
0713747120
20150806
0608230256
269679
08357731
77
580
20151030
275606
0842163256
20170515
0727579236
20150604
20150221
0106105153
0752295331
20181223
756
258392
20150811
0846281318
0893892230
0369857142
200612
20150801
238785
253316
20150720
20160301
202
0813362207
20180203
242999
20191109
01549816
196105
14
078430130
20160716
283607
0537272108
13076
00004714
222536
0314680230
0876488204
20171118
215541
778
20170308
20150718
0807641209
0717679130
20150110
0241552385
047653127
20161003
0617566186
0704369188
00002819
272427
01930807
20150315
20181218
152
21015
0712574129
200987
0213664177
20180328
359548
20150331
20150111
128
045951160
67
00007702
0913517329
220619
9410
14363920
0045380
269896
0627620501
19980201501180761922332
6500
7800
229472
10
10024
8260
306073
41567
1580
120727735
20160306
20171023
20150306
20190310
0468586135
20190929
529
034916258
0565595131
20161206
0782398170
211527
0559623384
0551754131
219226
204
20170125
0225283335
263585
20151016
0185268204
128522
20151006
0105232191
208133
20170702
20150217
20141227
0321605242
20160318
30000
20151226
0558447109
00450807
378
20180528
20160817
058
20150722
0305282209
65620
767
0605167137
0472356201
20190704
209618
20160615
00071724
20171210
７
146
0531422179
60
0712132133
20170315
21085
00587723
9677
20150926
20160113
0350417206
0873549303
0339767129
20150222
19513
5５
20190104
7772013
20150913
20150317
296115
20160630
202937
455
0854026337
20150213
0839461223
119
20160208
5596
1660
127822
00083819
231218
0705539220
210849
309110
00327818
079453110
00355801
00050814
00377825
16
00490731
296901
20037408
540
20170401
0326500
077910366
20190808
3480
0193675234
0156305176
0376115217
227647
0388212239
0678606265
217176
20150323
00031702
314591
20150413
285331
216909
20170902
00176726
226277
212
20151029
20160731
9
65078
00231831
20190128
20151202
0135253324
0954643286
00597803
251
8995
20170525
520
10083
305933
294237
306452
6２
5150
0930520131
237795
277278
304518
790
0250535382
281502
20150114
1490
8
6230
6000
20180630
707
20181030
190583
351478
0593662269
0604150208
0671998229
0191750130
0505600241
0233980252
0232148220
298076
083172251
20180211
八
0148227303
195222
20161101
276410
0242070330
0226712309
207588
113
00310829
296340
0563840318
0198179218
14011
3010046468
00040814
040543106
20190110
20150307
213128
20150410
2700
0306262104
2004
0498276170
00146830
0674454333
0439341360
20191010
079050
8245
231863
0876745142
0880200109
212842
9825
08578202
549
0923321128
12980
10160
20150329
0764759116
20160207
238628
0423308601
312776
3990
661
138
0483773605
9786
263453
20160823
206888
294521
0345949392
20160427
215744
0927775231
0188423237
100064
276655
0973788133
87
203968
410
251356
051259108
0271812202
20150914
0630390115
0313253115
20170925
0105219503
233
0805123224
20150609
20181025
0697822211
20160515
20150420
20150417
20160329
0410354218
00111808
20160423
180
20150817
20150211
1641
080238221
216826
0862792202
219000
0458472201
7206
00047814
0941546231
269716
0623372126
285105
20170324
0753800112
20180201
00002826
082630141
七
0225821307
41557
1250
20151108
20160906
0989782291
00044823
20180618
00019819
171
20170102
20190305
2984
0430440237
0479948304
5009
277996
20170510
097600
00021745
00046745
0798390127
0110604135
20150106
3469
266181
6313
0863382172
20150509
0785842328
20160918
20150326
0126665313
218706
20181110
7043
0559788313
0400242309
960
20190121
20150212
6231
61004
20190325
0550258313
203876
20150917
6128
302055
20190910
0902554126
201383
277432
0329015218
103
210
166
720
768
20160915
20170527
681
0092828
1782
004
195163
248673
00673710
20151129
296850
314396
10036
254422
296693
20170627
0617
0360386212
229982
304538
1643006157
47
232788
41
214327
301535
20190623
574
224829
3691
41570
20150412
20160607
00011803
345671
17０
0874175139
0318672212
0194470105
111
20150209
20161204
0119
20170129
128557
0813131211
20150906
226147
20150130
20150421
20150605
247678
00043725
0633780236
00052745
20180730
1700
20150530
42
1275
449374
95536525
255311
0600268129
20181205
0722395107
0220440320
20150409
266
201
20150525
296680
9697
758
0667757105
221501
208190
282343
0258
0740728138
0795960313
093964335
20170829
399
00750730
197555
3629
199802
242701
00358809
0954830218
525
00292916
233322
1984
217095
0884846339
7239
128512
20170814
2001
8304
20150527
808
00131911
20180517
0250753116
00027707
20150206
20150623
267391
2129
303629
20170210
1991
073301219
272415
274827
272036
266008
20150401
054039138
128162
0319315603
0397362234
0824270121
0693736139
728
0157197337
082022131
275439
001
8413
20150704
0214577203
20170427
246042
0843597373
70
20150301
996
0737651114
0948467501
20150127
0198393175
128158
202137
213373
0643469216
258845
00029823
214741
0899829105
285
15108
0193737261
271298
241719
0532950158
0448914227
0723200141
475
20150116
311993
9924
890
0703826335
00305810
265970
0451404204
0763717601
7000
20150118
20161117
00067818
307448
20150519
20151110
226336
20150916
2150
309726
241688
276559
225
122360111
206804
081228185
20171221
0526785330
072491122
1807
20171020
209963
20151119
20150513
4905
130
990
0425526242
7818
301940
00180714
32353
221355
780
0719900110
261599
850
1440
888
41479
00277807
0319485315
0729193302
12788
0704872307
312783
321189
102
19
2009
268
00114724
065261286
0662888113
00050722
0656080311
198
01801801
674170625
214331
490
351
00040839
272587
0737746209
191345
296
01135723
0886931223
185
283706
135
0697429139
224686
77759
0815698122
377
0664695138
242367
20181115
10005
243088
223052
352
309079
0629710217
402283357346
20160810
277415
0670725373
20160116
234254
1374
00138821
259580
20150129
00624748
096617307
0633327206
191856
218241
20170111
20170306
20170817
20150208
20191211
20141207
163
0766993304
10145
0372514361
20150828
0472014130
311517
045
00012912
250934
18650
011838363
285208
203754
00061727
20150115
22135
20180313
0928537113
65279
194411
298739
486
278379
353939
0894871333
８
191699
1505
0421501332
20160206
0938220313
272818
216368
26
20160403
0234577135
20150619
183
02625208
074695209
0327587342
348
0795237119
20141229
0218280337
304367
10017
0145036201
9757
0959791333
260430
215485
049380389
330
523
3460
20190530
259
00223729
315512
273147
20150714
20180114
81
0833302112
148421075
8862
4310000000180
4580319
0671670105
0223944364
837488129
20150507
20150813
20180317
260
240091
715
0629970104
0412328210
0516496229
227116
127925
01027724
20160506
20151209
0663760139
027951205
233879
00511805
20170926
0932145382
20180320
0472109501
20160225
4400
0396290130
20180103
65121
20160723
5969
0286608662
830
9836
203677
8002170202
239798
214693
20170201
20151206
297455
240859
３5
42737
0703519236
何
20150920
1940
9318
41503
20150930
1637
20150627
10084
450
0147437323
29800
00171726
97968022
228340
20190528
20170131
254471
0713706327
0732607216
209551
6718
00780720
20151001
0919331327
305
0662943328
96
00207820
0239434268
262103
00
0907404327
00019822
6274211801
六
8318
0681779205
315566
714
233590
0636919204
207870
20160508
207954
7510
194133
078355126
0418368235
20180513
20181207
0931998111
194430
6900
10548
460
0933485117
215966
226715
00001710
252648
227333
049324137
1512
00397730
0416997327
209126
４
237148
20180414
268511
135739759
0683197311
0959505315
0738421130
20180923
100
01434716
20150311091695101
302718
237181
1520
20170808
19914
20160924
20170530
0828215275
228728
144
9103
199881
902
4700
147
0734785315
678
560
00026744
208980
41506
0870891237
142
011
20150215
２0
229801
065699234
322700
174
176
0966320377
20141226
045801708
20180904
00514728
0291738313
0226701127
20151123
20151019
0954739330
20170802
0762673121
246571
281234
20150104
229008
00012808
20180530
306006
41505
0786695310
230005
2013
0176837503
0565686232
20160228
313391
0712725137
20150730
0520702323
20150202
20151114
362732
0548603217
601
20181013
0141247106
296180
180279
20150531
0862243301
0940380206
297369
20171029
20181024
39
0583479342
1110
042746389
0624377113
0709740232
53
227569
20181222
3130
４5
234
零
024289319
20150113
798
20150125
0181660217
12575
20160108
210332
3996
203363
1967
272230
296241
21
278763
20160510
0781028137
0675243232
225108
20160305
226204
20170617
00304818
0726297216
20140408
253731
8964
20170907
0210537337
0494019128
028800204
2008
8250
0194126215
0935163366
237406
336796
01221828
206030
0487137207
128582
108
0476726111
229184
0257704389
00054824
20190115
02538720
408618270
00119735
277987
0321002137
1982
0407218108
0425921322
20160620
00477709
0121090238
046840118
0168492267
0335940218
00616726
321518
0664782322
301525
263063
20181206
230
10023
298067
0631097126
2760
20170228
322
070993236
219537
20170213
20181129
10048
176023
20150515
4480
0232367169
20151109
0168347316
267587
20181109
0814704363
227765
239706
231742
0486118376
0873641137
300901
201457
380
4326
213885
20151220
0128878320
20170910
20190222
0195142206
219813
234949
326
00100830
0891878236
036995308
390
227064
00231701
20151012
7508
12000
307039
20150601
0293310555
62
20141204
309861
214
224
0368380220
0956359328
20170619
197
2019
0935699219
00013827
0342136129
030829138
240280
8000
．
20150126
20170913
00310820
309433
300379
20160227
0325048214
0819057405
20170311
360
1064
51081
243254
8263
0284532115
20150415
295916
20150407
0932796238
20161113
309227
0653720252
222030
302715
半
〇
20150109
0746062311
6100
0700292129
208340
993
0788266135
20190428
0122971232
30
249927
0266713307
20150117
０
20141202
202231
20181208
00145848
0238151102
00135727
209527
221471
00196718
296059
0178093503
00400721
453056345
８0
0381568309
1403
8880
8411
20160729
222664
00622703
28
250621
20170326
341741
43771
276046
413496
55
20161218
126
5922
26000
20160624
20180510
41519
235962
0378161376
0180711330
0721105324
105
239356
10071
5227
0317823107
0307721210
20141002
0187689111
20180815
480
9898
209
0302012108
208420
10260
00154712
20160603
20180912
20190118
128587
0188093376
0503403323
609
20160830
0129874170
0293997238
千亀利織
00043806
1300
162
1223
353147
20150915
0464100137
0921339601
0119311227
247134
20150426
0392344136
00286717
353401
286270
0475528333
247716
295839
240822
20181216
503
223
2900
3200
120
0906764212
00472826
00025826
311439
６
20160417
07
056051334
0904484209
910
195055
0371817379
1925
343256
238101
271168
055
20150524
191645
20150416
00452804
0522145118
0154887139
20150606
20151027
259609
653966
0460796238
0437460214
8031
63
0637313330
0673388103
20150521
0783073232
0942659316
20160619
20161217
20180617
0149632209
0670392135
0456325371
264548
00052832
0511577321
0887724338
03337812
305451
20150322
197842
077855320
20150624
00430805
0215324180
134
220071
00114817
226834
20151214
096483362
726
240132
0831952214
672
027354111
５7
20191208
054050386
20150608
202522
235738
0623474326
074411112
0309411104
20150321
674941478
0666736222
273464
0877434207
2800
20190723
299816
00117704
29536
239254
0238501135
243678
236315
00052704
1400
128092
101
299499
0
0333806215
20160622
00160806
7447
20171102
00013813
984
554
20150823
810
173
00083816
00930711
499
0897680202
20191115
0101579384
199105
20170924
301546
209653
20160617
0901000111
4314
858141
20160103
00004824
10075
20150907
9899
2533
9584
0585269310
212640
00297828
0149495336
0672309131
19800
806
0523352323
281598
0614578230
20160504
274531
20170614
0509598139
184
226579
248558
374756
244553
0105231315
0375364107
420
0152130318
2300
466793233
196527
0251118336
006
299330
0896921316
20150131
1260
0729151208
46000
281783
20150318
0476905232
282334
00127830
216
164
4920
0782201280
00410823
20190414
0292389208
15
00119708
20181227
20160213
191956
00328815
20170825
20160229
220
128523
0878379306
284272
00088702
20160123
20160216
290
0336552123
20170514
0739125113
1995
204989
375114
637335
284263
0663160127
846
20150429
00041805
00168808
201759
0644747220
0301111107
00056807
5807
301290
0691653202
0716482238
20150112
20170126
0509962329
00153822
0746031153
263955
0838353333
8467
0858411342
13
0535548260
9314
246
20170629
706
5980
8252
191575
20180419
029290108
00007828
10006
0613813315
20150708
463
0904203309
0755963141
0597692112
252580
00118810
065627339
20170828
263292
0432411353
195888
20150120
294270
1740
00035813
067879104
0000003040902
0252379128
35
274579
20150313
06
9312
71
20180720
0643117233
010339262
312797
0163285223
65
00138714
252307
3500
8800
420108
0707735339
20160422
0154791285
115
283256
25000
20150311
338543
212157
20160308
283798
018381135
093898138
00127716
0909730324
5214
97
51
311076
0518876556
235940
296645
298748
01088702
0675964207
75
298
0675976255
00004803
00073001
0662056117
20141228
328
00008901
20190311
237796
191490
062689292
20150312
0281
6990
192725
258720
20150411
1100
341873
964
20190715
545
0109737108
279194
750
25
0233052337
20160310
20171208
20191214
319035
20151231
172
224536
251058
3700
20141125
247635
272347
776
301551
20141215
074309354
2590
00028815
20160530
20160102
20160111
0156285601
20160511
239331
20181012
210102
898
0798538384
99
41482
1987
16000
313946
00076707
2017
65039
0698723201
36
2002
20191110
0408261102
20170524
00015804
0833355226
0647667206
00067815
0239266386
045620313
0210978336
1200
0998518323
0802844332
20190209
02188292
046153223
4990
20150703
16546
0836860204
2018
00221702
5000
00330719
20160831
0724727222
1536
267013
191301
235664
0179848110
0781462237
20190531
20190215
114
8264
273635
0716301201
209584
20180520
20190624
20150327
31
316
022024137
20190525
0234103219
0603096105
00605723
0520636192
265611
0584945230
20150302
20190816
0124387126
080400129
300880
308851
0266843310
00161704
199414
198452
00030822
260219
301542
0803528136
59
303132
1111
303017
0839730128
748
00006820
20150826
二
0962106255
8559
0801917204
4490
285885
20150101
00056817
0837293241
0903616126
226528
20160215
0845980214
8500
20150404
20160121
212031
0333775138
254802
00012841
272742
4000
20180331
215
20170212
20160602
01040824
2500
242953
20150309
20141216
0212091314
2400
0444689406
0181373110
298337
0674787303
0935562601
14558
7100
20150829
251287
265272
1818
357045
217539
20160522
0456269320
276096
0408564339
0709225324
10047
0440730129
301071
188
245129
0168582316
00925812
97204
20150620
20180226
0288162370
20151113
01572817
20181031
42339
20160806
284033
20180527
00103831
265
283467
87045
0617987103
253767
0416286101
20150626
20160903
323227
389
648
01175704
201844
00000719
20161229
50
0571448107
246297
241200
0944638309
0139695378
236120
１
20161024
4300
306366
0849480211
303029
0976743218
1999
20161225
0875781253
20150921
20160118
0115399157
20170820
20160608
0932995124
20190830
313632
0223555307
20160101
0915444217
20150328
20150707
0833506127
20170303
235
20150908
0784971324
205
600
0132664330
3589
0890018301
330535
281032
20150205
00003703
0910129212
0824657222
0719567375
219842
226846
295215
00180713
2015
270150
0265193268
406
430
20160815
249092
いく
117
01114814
1600
237008
0503669211
0384870224
248945
20150320
0231285116
303421
20170305
273905
233163
00187711
280
3240
00226719
20170809
19670
0580008209
00160730
20170712
20150124
256518
20190315
0255085107
221378
227583
245754
615
210977
4560
0961494201
1989
0510686232
265018
300
0514612303
20160614
6980
00126810
20150614
0261429272
20160408
20180402
20161005
0272231136
20150210
104
20171010
0571348219
0206641341
0681335232
0485540175
268648
141
8600
00024814
6800
137
0729877241
20170313
20181204
231094
268984
076341124
0172394336
71824
286958
544
3300
7506
4600
6
0489933129
0111263210
20160217
805
961
0516237301
0927296239
0928417124
196113
262411
20170118
0390905601
20190212
1000
236009
20141214
082020103
122
270693
926
0116834207
0315940307
0645222321
20151024
20160714
267781
00121822
0773258206
0978346332
049285370
435
12
0785796190
062254321
20150618
20190102
0711641127
260330
0927102221
229377
0475030242
00487810
700
0135782224
307350
5900
283876
0261792332
229805
0383760330
0417725287
330623
0163565306
112
454
015
297561
00223814
227622
788
125
20180128
230319
065478301
229801201504030280259203
300231
20150628
0218317328
0723354124
0370858155
0137973368
1257
20150702
213540
00102712
369
00002722
229140
00168815
30117
9835
0190076314
20191202
198895
333
191248
20161020
41471
20151122
20180707
0314814205
051538134
00184716
20170109
0553297134
20170108
20190626
7900
296402
209820
127776
0706709126
0852856206
2021
945
76032
233603
1393
2890
0887017142
0000
9289
20150512
0932385236
192600
数
370
20150912
20151207
0912168329
0652024127
20160327
0955211338
20170818
00015701
13206
257230
309168
9833
128077
92308
310635
270973
0529521502
296576
280136
20190411
0156412202
252149
127833
20160221
0881037206
255439
055458212
82
0686352223
301
00059704
0543280116
20150505
799
00337821
007
0528425216
00017704
203947
256
312375
254266
20141105
20170209
20141213
16800
221486
0994550139
57430
0204398361
0299753220
275854
249520
358413
367931
0521362310
800
0817458217
0983386139
1390
110
20161121
261
257005
275136
0912483370
0830572304
283029
20170121
660
0760061336
7509
20160712
217015
00252801
1964
20180420
257080
801
09
8904
690
295
0325601129
00140702
312544
01234714
00076838
32594
20180820
20150324
41556
314771
200281
20465
769
197234
310827
20160105
0622496138
20160421
337900
20150731
589
0570412314
0289465105
20151116
0889193116
220587
49
968333
240458
0544038201
0914150337
1020
0942361264
万
00019709
165
0747394308
0883264102
121
247874
20150928
00001719
20150105
0601049333
00017714
20171115
40000
20150408
0514869227
0679869227
214492
241061
0730955338
20160610
235625
29
2011
79
20150402
0698229360
0268200327
20160426
0432871451
20190730
375
0609957392
20170523
370914
88
202094
1970
19000
00082824
0915449123
247537
193509
0510706135
17
20150419
109
20191030
0202718272
343801
242198
0661830376
20141231
027456135
00093830
277912
0714357322
237746
271353
270000
20180318
284008
255580
106
303369
257330
230893429
222344
20190402
0783404264
159
404
1954
193364
20191201
20151224
20161125
219806
20150918
20160211
227459
00420726
0851479222
20190515
136
20190124
0400349501
2342
0484670357
20141230
128516
44
0224110183
0990491121
215417
133
0432655203
483
20160708
千
158
20151201
303168
5820
20150727
0193759129
0122193224
802
20151121
1941
054529322
20150911
0610772309
00091847
0656381659
0488641601
20150805
0247698366
7311
0766533281
304006
364400
0405515236
310631
9313
128151
20190717
00379705
00040825
20160330
295405
五本指着圧
ひと
230759
154
277088
0516767605
9673
0847245104
20150919
240
272140
229477
37292
0479922306
20150514
20161015
79374
0306610330
00236801
257219
350798
0460157202
20171202
44984
235368
20130825
0101140103
128150
198199
300482
297626
0748954120
00553707
20151225
149
06913132
057515212
20150922
0324931355
20190527
08
0136314211
0652066304
20180324
233779
1985
613
0776544156
0892691270
1280
250
九
284507
5680
20160621
0121098179
118
0115464328
0668833111
248418
0856590216
0633872326
257421
305123
280651
211183
1900
8173
8458
0711116153
20191210
1004
258846
20150802
233409
320
075435308
1640
371815
1608
0601314224
20191220
020196713
0329990119
01885807
214540
00002812
20141021
20150510
256251280
239851
2999
0732459114
0876406136
0391781133
1090893
95818342
20160317
234393948
051002823
221707
650
0149044292
0714871120
0354901114
0715245214
20161030
271639
003
20180914
00009806
0187243320
021242291
266577
20170711
01125702
059843139
10549
20170406
20150807
216223128
200
080
0240036179
0875915389
269579
00095827
0419982113
20150308
128054
20160326
2480
306289
20160401
193359
5390000000759
127995
203437
00784816
0432691381
2436
20150812
20180905
0800943126
085624173
0399157217
282825
98
20180121
2014
925
7503
192930
310914
00447735
0228307177
10900
0755716309
93
263944
200345
207160
313483
228239
696
304556
20151210
227499
20160718
20170710
1115
219160906
4800
0793617123
076158320
0754739318
0457665216
0244740328
9600
0907624122
00166811
15468
00200824
20
266428
0175043291
20190410
280553
286289
0902667324
20160912
20141218
ゼロ
086559128
179
0358235133
275
940
0938603309
20190923
0824748119
913
0410338253
20171213
20171207
00344711
284214
880
20161001
129392
85
20160424
0437102224
00194731
2280
9663
15０
283235
0214225309
10327
0986403113
222850
00010807
0615353311
295734
0649588326
0145090339
193564
218428
096471117
0495160110
347951
20150721
00023126
255
0132756383
8249
258296
0135719310
250430
0700534214
4980
123
261170025
287672
0397403116
128525
20150427
0939092120
20151014
128518
66
608
20151217
90696
20150303
20150831
3319
276887
20150414
0250
275461
233043
0127990124
20190418
8315
20151028
20150203
20180626
0196148212
310008
4500
0695272355
20190218
1182595
0913039202
20150726
25400
00230822
20161115
0155499107
00000813
270
41466
0535219192
0719423318
470
0743226330
20180819
150
3
330772
2006
1150
0704971505
00253720
0948148119
0119332310
0598877777
128542
0928769310
0819068503
0106485104
0873381175
0754275302
221694
幾
20190725
127
0456502341
2220
353589
01143811
283118
0899166213
00863713
0677857123
20180205
167
73
00081705
510
127818
20171031
0379067264
0615644178
20180307
0204672164
0329695239
116
41489
233966
841
0643965359
9888
127799
20190907
128494392
0161920368
40
1980
3813613
３
00001807
236876
309761
20170724
270828
270472
00006702
253451
20160704
047928106
0831038230
20150910
127873
0664830101
20160726
294503
233241
310963
231237
051115278
305188
306195
202912
20150518
233258
0824864112
301897
334683
20181005
218860
9285
３000
6680
1578
00021812
20160110
0511433329
128591
885
124
0873741304
072
0895098309
00386724
0317960129
313989
231334
20150820
286934
20180926
00883706
20171222
00161901
2000
20150225
0952720116
1500
28000
221018
333142
931
1680
225059
0433330307
286285
31000
680
0725748135
72
00550809
10069
20150123
307112
20150428
00062805
0327394338
0802600285
20190111
20181215
2754
956
145
0139993555
0317097142
168
253228201502050866198334
128513
277865
20150516
0938174233
128166
200171
0776216212
248096
337950
23
0887111132
20190621
20151221
00135702
0779046321
295165
00559801
20190930
20190413
0780728281
285924
128560
20191205
0776561201
00020822
777
021
309008
303
00034730
00596716
0302058329
082163117
0520178137
20150924
0304161329
0717881256
349310
20160709
84
0263772119
0292885602
212142
244054
0001
20150909
９
020165129
00005711
20171122
248
0467129328
236222
279738
203222
3114
302569
242054201510200571223115
0880542314
305111
20150929
398
0425210311
263743
0378256310
225788
0458949341
014
341865
309623
0442707307
00168707
0375820351
239152
0145577318
239310
20180807
10000
0511637352
